8518 6357 6819
8674 6461 7464
8619 6438 7259
8633 6469 7025
8630 6455 7084
8806 6415 7198
8643 6384 7297
8607 6292 7030
8772 6640 7187
8572 6491 7199
8434 6310 7119
8627 6395 7225
8466 6458 7037
8439 6561 7014
8526 6505 7414
8613 6309 7140
8788 6359 7074
8448 6026 6599
8650 6647 8210
8761 6552 7241
8495 6278 7093
8762 6408 7182
8479 6724 7101
8491 6099 6891
8274 6378 6701
8855 6844 7371
8640 6324 7163
8427 6490 6415
8564 6294 7161
8561 6444 7184
8683 6568 7362
8591 6340 7256
8653 6402 6734
8414 6330 6575
8686 6566 7286
8491 6200 6599
